UMCIndex	NETClassRep	UMCMonoMW
0	0.0759	1088.531101
1	0.0772	530.280728
2	0.0781	512.342473
3	0.0781	526.322237
4	0.0781	626.335534
5	0.0781	793.239593
6	0.0781	907.232036
7	0.0781	514.349768
8	0.0781	528.337932
9	0.0781	544.333
10	0.0782	512.844872
11	0.0781	1879.006885
12	0.0781	510.327429
13	0.0781	1024.685034
14	0.0786	1289.606567
15	0.0806	901.486403
16	0.0817	630.333771
17	0.0811	730.371834
18	0.0824	1244.586295
19	0.0884	799.392388
20	0.0884	1029.493898
21	0.0886	584.302414
22	0.0884	852.303993
23	0.0914	668.444677
24	0.0914	782.437379
25	0.092	1063.335505
26	0.0914	1450.883268
27	0.0924	689.371731
28	0.0967	455.284808
29	0.0967	736.181562
30	0.0967	1091.494582
31	0.0962	457.292392
32	0.0967	910.56899
33	0.0973	469.264163
34	0.0989	456.282254
35	0.1066	487.311791
36	0.1082	1260.503746
37	0.1093	799.393102
38	0.1098	985.591474
39	0.1126	1101.548738
40	0.116	1063.588426
41	0.1153	960.448582
42	0.1189	656.361274
43	0.1228	927.488798
44	0.13	1146.461134
45	0.13	844.455335
46	0.1362	935.493582
47	0.1355	1790.720989
48	0.1392	962.459889
49	0.1392	1361.551526
50	0.1394	732.413153
51	0.14	487.300448
52	0.1401	1186.528997
53	0.1406	1591.773961
54	0.1409	687.370946
55	0.1412	1000.55738
56	0.1416	987.560133
57	0.1438	2445.070156
58	0.1443	1102.015744
59	0.1499	2468.085171
60	0.153	1050.571287
61	0.153	1256.647777
62	0.154	2231.958281
63	0.1556	2432.073789
64	0.154	2215.962907
65	0.1556	939.48851
66	0.1597	1102.014843
67	0.1585	1244.509076
68	0.1579	2286.997843
69	0.1585	1260.504064
70	0.157	2302.993336
71	0.1637	2331.025867
72	0.1595	1730.764877
73	0.1597	942.964069
74	0.1597	615.395859
75	0.1602	1753.780489
76	0.1602	1140.521562
77	0.1606	1984.89499
78	0.1603	2382.941342
79	0.1622	2445.068766
80	0.1615	2215.997755
81	0.1618	2371.09223
82	0.162	1770.831869
83	0.1624	1616.721263
84	0.1627	2245.960964
85	0.1624	2283.02057
86	0.1625	1245.493575
87	0.163	1501.657537
88	0.1636	805.469712
89	0.1634	1011.534546
90	0.163	1517.652674
91	0.1637	2383.935383
92	0.1643	2402.06267
93	0.1639	2371.092142
94	0.1641	2418.05827
95	0.1639	2459.084948
96	0.1642	1522.68362
97	0.1648	753.522662
98	0.1647	867.515377
99	0.1646	1085.555355
100	0.1647	1101.549846
101	0.1647	494.333412
102	0.1648	607.417742
103	0.1648	1034.42082
104	0.1646	1148.413941
105	0.1647	1270.592202
106	0.1648	579.422833
107	0.1648	1621.04037
108	0.1644	1730.764307
109	0.1647	1772.824966
110	0.1647	1849.026394
111	0.1648	810.026635
112	0.1647	625.428578
113	0.1656	2452.089885
114	0.1648	640.439181
115	0.1647	806.434758
116	0.1651	1059.429955
117	0.1656	2429.074967
118	0.1652	677.375102
119	0.1648	920.428226
120	0.1652	1345.557112
121	0.165	1501.695805
122	0.1657	2445.06919
123	0.166	1616.721149
124	0.1652	1717.770079
125	0.1653	519.309568
126	0.1653	1361.552761
127	0.1652	401.227687
128	0.1657	1130.466049
129	0.1657	2468.084123
130	0.1655	1703.753912
131	0.1656	1146.460911
132	0.166	1669.632284
133	0.1657	809.69088
134	0.1657	810.024821
135	0.1659	645.369644
136	0.1659	1077.812803
137	0.1659	3233.434517
138	0.166	1744.779202
139	0.1668	944.453803
140	0.1668	1656.788763
141	0.1669	2402.062841
142	0.1667	1687.758045
143	0.1668	960.448874
144	0.1668	1600.726911
145	0.1666	1855.870164
146	0.1668	2316.014075
147	0.1668	810.68846
148	0.1675	2453.073634
149	0.1671	734.480255
150	0.168	2416.077986
151	0.1672	812.439483
152	0.1671	1245.494234
153	0.1671	2430.057145
154	0.1675	2530.120829
155	0.1826	2315.029121
156	0.1679	2431.06725
157	0.1675	1080.530896
158	0.1672	1015.377428
159	0.1672	2344.008181
160	0.1673	1099.497118
161	0.1679	2026.905232
162	0.1687	2479.077011
163	0.1677	2544.139122
164	0.1679	909.623868
165	0.1679	2432.073151
166	0.1679	2468.990519
167	0.168	1023.616395
168	0.1681	1165.547857
169	0.168	565.233401
170	0.1693	2876.13125
171	0.1682	1376.712525
172	0.1684	1130.466219
173	0.1692	1737.785551
174	0.1682	1828.813259
175	0.1684	2403.04595
176	0.1685	1272.637605
177	0.1687	1939.873691
178	0.1684	2285.017493
179	0.1692	1753.780351
180	0.1693	2417.061382
181	0.169	1838.833709
182	0.1695	2316.029484
183	0.1786	2429.073216
184	0.169	805.359745
185	0.1692	1028.446545
186	0.1691	1790.696812
187	0.1692	1801.80172
188	0.1746	1517.655606
189	0.1768	1714.76889
190	0.1848	2367.941783
191	0.1717	868.891905
192	0.1746	915.466172
193	0.1895	2443.088835
194	0.1752	771.349095
195	0.1764	956.576711
196	0.1746	2402.058369
197	0.178	1730.764305
198	0.1848	2229.966278
199	0.1798	1312.600844
200	0.1804	2386.06737
201	0.1826	2315.525152
202	0.1826	4544.990397
203	0.1848	2200.003127
204	0.1895	2402.062792
205	0.1855	1157.762694
206	0.1932	1687.75802
207	0.1855	2368.94639
208	0.1937	1600.725082
209	0.1885	1063.566192
210	0.1873	2430.05754
211	0.1879	2301.002351
212	0.1895	1225.568696
213	0.1942	1616.720955
214	0.1911	2044.886586
215	0.1891	923.53013
216	0.1917	2386.067212
217	0.1899	843.879662
218	0.1916	1764.773691
219	0.1935	2860.137132
220	0.1917	1714.76961
221	0.1925	2200.986915
222	0.1913	2876.128328
223	0.1914	514.223324
224	0.1917	1756.827764
225	0.1917	2158.929086
226	0.1917	1028.446707
227	0.1913	1231.590752
228	0.1918	2298.032305
229	0.1925	2299.034823
230	0.1917	704.363683
231	0.1923	1815.817332
232	0.1921	2398.103319
233	0.1927	1701.773477
234	0.1922	2387.06974
235	0.1927	548.307006
236	0.1927	1570.715272
237	0.1928	2316.010742
238	0.1928	1717.766082
239	0.1927	1754.685813
240	0.193	1872.961741
241	0.1943	1532.850157
242	0.1934	1728.783825
243	0.1932	961.473225
244	0.1932	2444.072399
245	0.1932	2875.127213
246	0.1932	2917.161731
247	0.1937	1401.630288
248	0.1937	1485.699548
249	0.1938	3201.448144
250	0.1936	4460.861916
251	0.1935	1067.148872
252	0.194	1653.637699
253	0.1937	4801.168555
254	0.1939	4802.175666
255	0.1938	946.465579
256	0.1946	2109.143184
257	0.1946	1046.58693
258	0.1951	948.5312
259	0.1951	821.439572
260	0.1943	2647.311061
261	0.1957	846.496366
262	0.1951	607.307488
263	0.1964	852.46387
264	0.1964	966.585967
265	0.1964	1981.048492
266	0.1964	1016.576638
267	0.1968	642.406543
268	0.1968	668.342673
269	0.1964	2095.040036
270	0.1971	1671.762344
271	0.1977	633.384882
272	0.1976	1584.730262
273	0.1976	2315.030769
274	0.1976	520.301033
275	0.1982	2299.034619
276	0.1988	1852.954425
277	0.1983	683.36405
278	0.1986	801.424807
279	0.1983	800.362459
280	0.1989	1729.767262
281	0.1989	618.989115
282	0.1988	1601.707119
283	0.1988	1905.86614
284	0.1993	2298.089687
285	0.1997	1001.503146
286	0.2013	1044.556199
287	0.2006	1141.645278
288	0.1997	1243.616131
289	0.1992	1966.946147
290	0.2008	1389.739583
291	0.1999	500.751426
292	0.1999	1002.50715
293	0.2008	1486.683476
294	0.2006	510.950014
295	0.2013	679.39039
296	0.2013	704.388936
297	0.2008	761.479791
298	0.2006	900.482024
299	0.2013	1537.676479
300	0.2023	1085.64447
301	0.2023	2414.098511
302	0.2013	1853.958183
303	0.2017	2286.002688
304	0.2026	813.518633
305	0.202	2430.092901
306	0.2022	570.822843
307	0.2032	884.533161
308	0.2042	1304.672002
309	0.203	1371.656665
310	0.203	1680.681913
311	0.2045	1043.433962
312	0.2035	1061.561786
313	0.2035	1142.629399
314	0.2042	672.380435
315	0.2045	1059.429396
316	0.2038	2357.039229
317	0.2045	1191.588309
318	0.2053	2382.107985
319	0.2046	2609.341137
320	0.2064	1825.895322
321	0.2053	2398.10169
322	0.206	1233.638882
323	0.206	1584.730699
324	0.2064	1878.807589
325	0.2073	830.476343
326	0.2082	1142.62942
327	0.2076	1360.716812
328	0.2092	1029.523808
329	0.2085	1506.687677
330	0.2092	1856.966871
331	0.2078	2297.04385
332	0.2094	1032.533751
333	0.2092	2536.211698
334	0.209	1043.503186
335	0.2097	1772.890103
336	0.2106	1012.451185
337	0.2092	1030.024085
338	0.2092	2059.048123
339	0.2097	516.266929
340	0.2101	590.963891
341	0.2103	2041.970735
342	0.2106	2039.959102
343	0.2108	2022.886854
344	0.2114	458.272824
345	0.2108	480.254689
346	0.2108	1044.41855
347	0.2112	1908.864317
348	0.2112	475.299398
349	0.2112	507.730744
350	0.2114	1600.725389
351	0.2121	1584.730696
352	0.2127	810.405771
353	0.2119	2315.03088
354	0.2122	697.321418
355	0.2125	1043.503502
356	0.2129	1298.611357
357	0.2133	936.491673
358	0.2129	445.269146
359	0.2122	1085.643867
360	0.2134	1224.610122
361	0.2131	1399.632307
362	0.2125	1336.571127
363	0.2131	1642.73785
364	0.2134	2313.087213
365	0.2136	2446.070595
366	0.2144	1697.800853
367	0.2133	1233.639222
368	0.2131	2383.091476
369	0.2148	1495.745139
370	0.2144	1750.712434
371	0.2146	1340.635719
372	0.2144	3395.597221
373	0.2144	2315.03098
374	0.2148	992.55159
375	0.2155	1361.686048
376	0.2153	1511.739458
377	0.2157	1571.699171
378	0.2176	948.531626
379	0.2164	1142.62996
380	0.2159	571.314631
381	0.2159	2228.023575
382	0.2193	1583.756591
383	0.2164	1616.72125
384	0.2166	1856.967301
385	0.2167	1012.451414
386	0.2164	2048.0412
387	0.2172	2382.10912
388	0.2177	915.477377
389	0.217	1350.700171
390	0.2175	866.352241
391	0.2175	688.350387
392	0.217	785.84989
393	0.217	2189.068749
394	0.2176	2398.103115
395	0.2179	1244.578032
396	0.2175	968.389141
397	0.2175	2371.092622
398	0.2179	673.400975
399	0.2182	1642.736491
400	0.2177	1696.758449
401	0.218	2357.077329
402	0.2188	1061.602561
403	0.2189	473.275116
404	0.2189	503.314367
405	0.2192	1444.625039
406	0.2188	1614.741464
407	0.2188	1841.819233
408	0.2193	1699.794641
409	0.2193	1460.620008
410	0.2192	1597.736886
411	0.219	1636.670067
412	0.2193	3167.51293
413	0.221	1501.661493
414	0.2196	1715.78977
415	0.2196	814.852621
416	0.221	1517.656452
417	0.2202	1212.523159
418	0.22	1463.667051
419	0.221	660.396253
420	0.2215	1021.43222
421	0.2207	1554.573952
422	0.2208	1001.107331
423	0.2211	3003.321247
424	0.2222	603.338283
425	0.2238	788.463956
426	0.2217	832.394096
427	0.2236	1600.726336
428	0.224	576.312254
429	0.2244	473.275225
430	0.224	675.380729
431	0.2238	841.376345
432	0.224	955.367954
433	0.2248	978.477403
434	0.2248	519.325854
435	0.2244	524.281196
436	0.2242	547.357131
437	0.2231	617.329387
438	0.2242	502.299279
439	0.2238	791.47366
440	0.2246	505.265274
441	0.225	838.491552
442	0.2248	1389.66363
443	0.2255	1455.662519
444	0.225	1731.766291
445	0.2248	944.535151
446	0.2272	1256.642554
447	0.2269	1696.884909
448	0.2255	1747.761091
449	0.2248	587.318421
450	0.2259	984.476115
451	0.2257	1098.49726
452	0.2269	701.370681
453	0.2259	932.533676
454	0.2263	995.51528
455	0.2269	1272.637524
456	0.2272	882.431041
457	0.2275	950.472353
458	0.2269	1479.67159
459	0.2272	1749.798009
460	0.2272	2513.259993
461	0.2275	1378.758409
462	0.2275	2315.031269
463	0.2306	948.531457
464	0.2291	1066.482997
465	0.2288	805.408519
466	0.2279	2769.209508
467	0.2294	781.335371
468	0.2294	1080.462583
469	0.2281	1384.731926
470	0.2294	2130.950848
471	0.2284	2584.298634
472	0.2293	1064.468443
473	0.2294	1069.492892
474	0.2286	534.746444
475	0.2293	880.403417
476	0.2288	1065.975779
477	0.2288	1777.982857
478	0.2288	532.233849
479	0.2291	1154.66623
480	0.233	1368.736076
481	0.2291	709.979386
482	0.2294	2135.946421
483	0.2294	2569.426279
484	0.233	701.370744
485	0.2324	1582.715451
486	0.233	1421.647625
487	0.2324	814.454957
488	0.2327	1041.581988
489	0.233	2737.470038
490	0.2318	1390.718452
491	0.2352	804.424433
492	0.2347	899.377449
493	0.2358	688.365824
494	0.2349	705.355522
495	0.2364	1106.583107
496	0.2358	431.2494
497	0.2358	2132.130428
498	0.2383	646.380344
499	0.2361	1374.716287
500	0.2381	547.312051
501	0.2386	810.424079
502	0.2367	1159.49536
503	0.2367	720.355343
504	0.2378	1600.727179
505	0.2375	1752.963744
506	0.2386	813.285137
507	0.2386	660.360288
508	0.2386	1290.746
509	0.2383	927.277481
510	0.241	1453.876801
511	0.2408	1731.894852
512	0.2393	700.285063
513	0.2411	563.351816
514	0.2409	568.307273
515	0.241	1212.69813
516	0.2401	2428.116842
517	0.2409	546.325159
518	0.2409	591.382953
519	0.2408	1506.789005
520	0.2413	664.369875
521	0.2412	1054.457643
522	0.2416	1310.646642
523	0.2413	1570.708511
524	0.2411	2016.909441
525	0.2412	1729.804094
526	0.2413	778.362654
527	0.2413	527.228775
528	0.2416	2371.092709
529	0.2418	2428.114769
530	0.2417	921.480841
531	0.2418	950.4723
532	0.2416	1583.689823
533	0.2418	2444.110353
534	0.2419	1031.58773
535	0.2417	1600.726115
536	0.242	2015.89737
537	0.2423	1373.744622
538	0.2419	2315.029794
539	0.2419	1667.804056
540	0.2418	2253.971558
541	0.2424	1389.739573
542	0.2421	1750.908018
543	0.2424	2155.994521
544	0.2424	1188.665038
545	0.2424	936.493229
546	0.2424	1060.631555
547	0.2422	1426.656361
548	0.2423	1075.556546
549	0.2426	1811.005994
550	0.2424	1016.576811
551	0.2427	1314.610395
552	0.2426	1047.582869
553	0.2427	728.298329
554	0.2426	948.531518
555	0.2428	1230.636074
556	0.2426	1378.746045
557	0.2427	718.999028
558	0.2428	1285.558865
559	0.2428	1296.657321
560	0.2438	868.502031
561	0.2429	1528.725951
562	0.2438	656.349336
563	0.2429	994.57125
564	0.2431	1596.708544
565	0.2429	1827.854256
566	0.2435	1424.631352
567	0.2433	2035.897347
568	0.2429	852.46445
569	0.2431	1089.536353
570	0.2431	1346.767785
571	0.243	968.601991
572	0.2432	1268.601121
573	0.2436	1413.699607
574	0.2434	1477.543701
575	0.2434	2849.261498
576	0.2439	1032.571806
577	0.2436	2293.129808
578	0.2438	1108.614365
579	0.2439	515.793755
580	0.2444	932.535102
581	0.244	1901.069846
582	0.2444	706.367975
583	0.2443	948.531354
584	0.2447	1031.587327
585	0.2446	607.300001
586	0.2446	819.452303
587	0.2446	1217.643713
588	0.2446	1964.12214
589	0.2444	933.036402
590	0.2445	985.448188
591	0.2447	860.414171
592	0.2454	1248.614016
593	0.245	804.423392
594	0.246	1456.714938
595	0.2452	2280.201536
596	0.2455	2497.226515
597	0.2456	607.377861
598	0.2461	892.408149
599	0.2461	1270.655526
600	0.2455	590.351245
601	0.2455	635.409233
602	0.2459	1032.571852
603	0.2456	1198.563413
604	0.2457	725.352581
605	0.2461	917.460811
606	0.2458	515.793824
607	0.2557	841.502225
608	0.2523	1069.64922
609	0.2599	1116.556468
610	0.2517	855.51763
611	0.2517	669.417307
612	0.2505	1122.560331
613	0.2493	446.204127
614	0.2529	428.274959
615	0.2517	2139.298799
616	0.2517	2253.287111
617	0.2523	1183.639525
618	0.2533	1072.659038
619	0.2557	1759.883681
620	0.268	922.531343
621	0.2587	1217.644224
622	0.2581	1122.561351
623	0.2587	536.329227
624	0.266	1262.698346
625	0.2612	1656.787581
626	0.2685	1032.571799
627	0.266	1253.665758
628	0.2685	1415.714332
629	0.2683	869.486018
630	0.268	657.33359
631	0.2686	1583.778914
632	0.2672	427.759065
633	0.2684	924.493347
634	0.2687	2139.99876
635	0.2687	1713.809958
636	0.269	867.471854
637	0.269	981.462708
638	0.2699	836.469059
639	0.2687	2451.251782
640	0.269	1848.933186
641	0.269	3007.466782
642	0.2697	652.347636
643	0.2693	1703.940164
644	0.269	2716.403476
645	0.2693	2571.410903
646	0.2694	863.523039
647	0.2703	869.533489
648	0.2698	836.969697
649	0.2696	2540.408275
650	0.27	555.295196
651	0.2701	838.464272
652	0.2699	1262.698619
653	0.2703	1336.698962
654	0.2701	852.464365
655	0.2703	1298.615492
656	0.2703	631.333001
657	0.2703	2135.082014
658	0.2703	433.735774
659	0.2705	1454.714625
660	0.2705	978.538775
661	0.2708	1603.798451
662	0.2705	536.317251
663	0.2705	1312.595134
664	0.2726	1714.888032
665	0.271	868.47525
666	0.271	1053.403816
667	0.2708	1714.790603
668	0.2709	1069.649708
669	0.2719	1075.512161
670	0.2716	1062.557313
671	0.2721	1490.737796
672	0.2723	1767.801009
673	0.2721	1469.809167
674	0.2732	3429.773013
675	0.2728	1579.822635
676	0.2726	1068.518748
677	0.2743	1302.585199
678	0.2741	1176.672312
679	0.2779	1373.668643
680	0.2739	2140.983444
681	0.2745	1656.787942
682	0.2745	2085.060613
683	0.2762	1345.691105
684	0.2745	1389.663399
685	0.2748	1069.649672
686	0.2758	1434.7469
687	0.2768	1361.686469
688	0.2751	2371.09253
689	0.2764	936.493583
690	0.2751	1244.627054
691	0.276	1006.46529
692	0.276	1398.602102
693	0.2774	2122.973269
694	0.277	695.430425
695	0.2774	1106.52813
696	0.2762	1516.775407
697	0.2772	2665.254755
698	0.277	1354.673858
699	0.2762	1573.78499
700	0.2772	723.461772
701	0.2772	700.385697
702	0.2781	1082.587623
703	0.2781	1631.790851
704	0.2777	1748.788508
705	0.2772	1764.773387
706	0.2788	851.475787
707	0.2792	940.465436
708	0.2792	749.360876
709	0.2777	1389.66406
710	0.2777	1938.873021
711	0.2792	868.444723
712	0.2794	737.374714
713	0.2795	993.377265
714	0.2788	943.474158
715	0.2788	563.281675
716	0.2792	940.966475
717	0.279	1689.82485
718	0.2788	954.443443
719	0.2788	1878.915686
720	0.279	471.737241
721	0.2793	1808.908297
722	0.2798	1356.760607
723	0.2793	1807.900053
724	0.2798	1389.76157
725	0.2798	2297.22266
726	0.2798	1186.656596
727	0.2798	2713.521553
728	0.2801	2509.154115
729	0.2806	1427.679262
730	0.2801	2156.109657
731	0.2807	1000.581861
732	0.2804	1409.715759
733	0.2803	936.493296
734	0.2806	1459.669402
735	0.2805	883.486843
736	0.2807	942.41029
737	0.2804	2854.34574
738	0.2807	1032.572171
739	0.2811	1702.83847
740	0.2808	2426.245941
741	0.2808	688.366275
742	0.2806	2428.258687
743	0.2815	1192.670758
744	0.2809	1708.808819
745	0.281	2703.418849
746	0.2812	3405.672957
747	0.2812	1001.574891
748	0.2814	2895.505971
749	0.2815	2194.245459
750	0.2811	500.291306
751	0.2815	2385.340175
752	0.2811	2704.417444
753	0.2814	881.449214
754	0.2815	980.517521
755	0.2814	3386.91559
756	0.2819	1015.654493
757	0.2826	1377.725345
758	0.2824	941.449692
759	0.2835	1593.730515
760	0.2828	1206.650474
761	0.2831	739.456763
762	0.2849	1605.847103
763	0.2828	470.724796
764	0.2835	818.312957
765	0.2853	1340.661946
766	0.2842	3199.576078
767	0.2858	794.410357
768	0.2849	3211.691763
769	0.2849	1288.646376
770	0.2862	1535.684206
771	0.2858	580.279503
772	0.2856	681.327015
773	0.2859	3141.531321
774	0.2858	2330.092635
775	0.2875	1304.70871
776	0.2862	3071.36805
777	0.2858	2876.343964
778	0.2869	2840.393817
779	0.2866	769.848754
780	0.2875	3134.439181
781	0.2871	810.406203
782	0.2914	902.559126
783	0.2888	863.47698
784	0.2879	1076.599534
785	0.2884	1703.820903
786	0.29	920.4981
787	0.2884	941.449887
788	0.2884	783.609403
789	0.2903	1034.489128
790	0.2897	842.48625
791	0.2903	920.998114
792	0.2897	1954.985656
793	0.29	2875.483298
794	0.2917	1823.05457
795	0.2926	1554.713181
796	0.2926	711.370135
797	0.2933	1767.852748
798	0.2922	2475.210917
799	0.2923	1560.864121
800	0.2925	1631.868638
801	0.2925	815.93412
802	0.2933	548.307259
803	0.294	926.486486
804	0.2946	709.35809
805	0.2946	735.427615
806	0.2935	1846.982519
807	0.2935	2165.039893
808	0.2957	673.416341
809	0.2941	650.339054
810	0.2944	934.51418
811	0.2944	1201.692442
812	0.2944	521.296471
813	0.2948	1096.498113
814	0.295	548.248953
815	0.2939	712.374325
816	0.2944	926.987459
817	0.2941	1097.501866
818	0.2953	1098.546213
819	0.2943	578.318189
820	0.2953	1634.767314
821	0.2964	887.559535
822	0.2946	2022.98082
823	0.2957	1660.84511
824	0.2955	1097.501908
825	0.2958	560.332361
826	0.2973	1264.704104
827	0.2973	1465.635334
828	0.2969	977.519815
829	0.2967	1148.685557
830	0.2973	794.435732
831	0.2999	1487.834834
832	0.3012	1638.930188
833	0.3001	1580.713552
834	0.2992	1005.56117
835	0.3008	906.536346
836	0.3001	3126.76359
837	0.3006	662.412086
838	0.3008	3219.63683
839	0.3001	2487.249251
840	0.301	3277.858037
841	0.301	2545.466463
842	0.3023	1071.535192
843	0.3028	1388.668511
844	0.3032	1249.630705
845	0.3071	1385.741927
846	0.3028	2733.297724
847	0.3028	1103.525139
848	0.3023	3027.595256
849	0.303	877.502426
850	0.3032	1420.659084
851	0.3032	794.43577
852	0.303	2638.297515
853	0.3028	2776.333678
854	0.3038	1310.746327
855	0.3037	920.498666
856	0.3058	1121.571844
857	0.3038	3119.551125
858	0.3041	3118.552918
859	0.3058	460.249335
860	0.3058	921.501869
861	0.3074	1075.556675
862	0.3055	2444.162732
863	0.3065	1577.878346
864	0.3095	1639.759052
865	0.3055	1174.48387
866	0.3068	1293.69769
867	0.3083	1689.977748
868	0.3074	1795.960096
869	0.3083	1803.9701
870	0.3089	1228.66671
871	0.3086	1742.889918
872	0.308	581.297773
873	0.3095	1215.662908
874	0.3098	1510.835902
875	0.3095	1404.626555
876	0.3123	1059.560682
877	0.3104	1116.583282
878	0.312	1062.571868
879	0.3123	531.285734
880	0.3123	1173.551735
881	0.3116	2119.121776
882	0.3129	2233.112071
883	0.3139	946.513723
884	0.312	3292.672273
885	0.3132	1060.506562
886	0.3139	693.35995
887	0.3169	918.55258
888	0.3157	839.5229
889	0.3178	1756.852544
890	0.3163	1978.114929
891	0.3175	607.819896
892	0.3187	456.228481
893	0.3187	1215.640591
894	0.3205	1276.666918
895	0.3199	912.45716
896	0.3199	1552.788596
897	0.3221	920.49825
898	0.3205	1837.000487
899	0.3196	2569.288281
900	0.3218	1432.768626
901	0.3233	1261.586755
902	0.3215	1888.01724
903	0.3212	3485.609107
904	0.3221	932.536832
905	0.323	1458.724998
906	0.3236	1156.614464
907	0.3241	3625.719277
908	0.3252	1561.883123
909	0.3259	2264.190836
910	0.3238	1267.64679
911	0.3244	963.503889
912	0.3261	988.480251
913	0.3261	1295.709952
914	0.3255	2265.196609
915	0.326	689.316766
916	0.3261	2284.189606
917	0.3262	2591.417972
918	0.3265	764.396599
919	0.3266	1231.635687
920	0.3269	1602.983987
921	0.3276	2317.275087
922	0.3275	3469.615242
923	0.327	901.447712
924	0.3271	1091.507651
925	0.3287	1406.719069
926	0.327	1947.951893
927	0.3269	2117.019157
928	0.3274	2370.187939
929	0.3276	3376.792109
930	0.3274	1251.655801
931	0.3276	2316.272332
932	0.3276	2431.263733
933	0.3281	972.549476
934	0.3278	3289.826027
935	0.328	760.396503
936	0.3279	873.48042
937	0.328	1593.837191
938	0.328	1025.461151
939	0.328	3470.609391
940	0.3281	973.050128
941	0.329	1082.514604
942	0.3282	3003.550942
943	0.3287	1228.631539
944	0.3284	3004.550188
945	0.3288	2447.185262
946	0.3285	2314.24674
947	0.3292	1708.905684
948	0.3286	2056.049366
949	0.3287	2813.440884
950	0.3291	854.452644
951	0.3294	993.576345
952	0.3292	569.635345
953	0.3291	635.339466
954	0.329	2165.030101
955	0.3296	869.41801
956	0.3297	2090.126217
957	0.3298	1357.673357
958	0.3301	660.396374
959	0.3299	2715.346391
960	0.3298	3447.79649
961	0.3304	1936.010457
962	0.33	2018.067329
963	0.3302	3293.679745
964	0.3306	903.460571
965	0.3303	3872.001148
966	0.331	1686.831466
967	0.3307	3622.836664
968	0.3311	3373.66357
969	0.331	2590.292092
970	0.3311	1739.743106
971	0.3311	806.407991
972	0.3336	1222.624942
973	0.3314	1734.810261
974	0.3316	562.277987
975	0.343	1251.651971
976	0.3324	2909.451084
977	0.334	2445.251124
978	0.3352	976.534573
979	0.3348	1223.12372
980	0.3376	1614.872927
981	0.3365	2837.496435
982	0.3383	1430.752938
983	0.3376	3229.741714
984	0.3369	1076.580687
985	0.3398	2149.044228
986	0.3398	1561.883526
987	0.3394	3763.913696
988	0.342	1425.773365
989	0.3402	3040.644874
990	0.3413	3574.81751
991	0.3447	1885.89664
992	0.3423	3400.696845
993	0.3434	634.369319
994	0.342	807.437188
995	0.343	859.4344
996	0.3423	2165.04032
997	0.3423	2677.425573
998	0.3427	2678.428312
999	0.3453	1580.809393
1000	0.3434	1283.641745
1001	0.3456	1264.610439
1002	0.3447	1639.802967
1003	0.3453	3161.618986
1004	0.3452	3466.698947
1005	0.3454	1684.930472
1006	0.3455	2845.419271
1007	0.3459	2429.011751
1008	0.3455	2529.220837
1009	0.3466	1162.623906
1010	0.3463	1677.856906
1011	0.3459	3774.963832
1012	0.3461	1108.693302
1013	0.3459	568.36234
1014	0.3462	536.311926
1015	0.3465	1646.853024
1016	0.3465	950.470542
1017	0.3463	2840.479887
1018	0.347	1167.615303
1019	0.3465	3405.671814
1020	0.3465	1215.535527
1021	0.3475	3104.54154
1022	0.3469	1109.624145
1023	0.347	2335.23056
1024	0.347	685.366481
1025	0.3468	1009.54631
1026	0.3471	1066.567845
1027	0.347	548.30722
1028	0.3478	800.493981
1029	0.3471	1220.526172
1030	0.3477	3105.542776
1031	0.3478	687.410514
1032	0.3495	1486.82555
1033	0.3478	517.304835
1034	0.3478	616.373582
1035	0.3498	778.441127
1036	0.3477	973.525007
1037	0.3498	534.316815
1038	0.3495	647.401261
1039	0.3498	2265.266027
1040	0.3495	536.320717
1041	0.3489	2973.653423
1042	0.3489	1152.719879
1043	0.3498	662.375747
1044	0.3516	1433.788085
1045	0.3516	1091.623515
1046	0.3501	794.436425
1047	0.3538	2033.077447
1048	0.3516	2149.067868
1049	0.3504	2920.613091
1050	0.351	716.355641
1051	0.3513	2867.574845
1052	0.3528	1776.781334
1053	0.3538	2210.09603
1054	0.3528	2201.154506
1055	0.3538	1291.577212
1056	0.3528	592.260756
1057	0.3538	1360.736481
1058	0.3528	1486.699519
1059	0.3535	975.542481
1060	0.355	1962.030401
1061	0.3535	2979.469761
1062	0.3538	2978.466215
1063	0.3541	3166.361258
1064	0.3541	1684.928554
1065	0.3544	1979.017345
1066	0.3574	1359.750514
1067	0.3566	2248.123758
1068	0.356	946.514118
1069	0.3558	2839.337835
1070	0.3563	973.525029
1071	0.3569	1175.630533
1072	0.3579	1412.662348
1073	0.3572	2719.501851
1074	0.3574	2948.441044
1075	0.3572	1196.746109
1076	0.3566	3607.868233
1077	0.3604	1354.667233
1078	0.3615	2132.019122
1079	0.3587	2337.220732
1080	0.3615	1877.792514
1081	0.3633	1199.645435
1082	0.3595	2148.01633
1083	0.3615	508.264817
1084	0.3607	1574.778184
1085	0.3625	1684.930355
1086	0.3648	1889.000569
1087	0.3619	3078.435976
1088	0.3625	2399.289418
1089	0.3625	3077.434453
1090	0.3615	930.470956
1091	0.3615	1100.575407
1092	0.3669	1800.013681
1093	0.3629	1213.625124
1094	0.3633	1700.924412
1095	0.3648	2711.246505
1096	0.3651	3041.373246
1097	0.3669	1764.963109
1098	0.3655	2999.65767
1099	0.3688	1052.565567
1100	0.3669	1240.77261
1101	0.3717	1438.804646
1102	0.3662	1268.804002
1103	0.3706	1441.687918
1104	0.3684	2852.579373
1105	0.368	840.412859
1106	0.3677	599.823072
1107	0.3688	1793.868689
1108	0.3698	2311.199269
1109	0.368	527.787573
1110	0.3698	1303.760342
1111	0.3688	1055.575846
1112	0.3692	1053.065844
1113	0.3709	2604.220036
1114	0.3727	1793.807752
1115	0.3727	2877.605638
1116	0.3727	2450.4083
1117	0.3721	1757.883014
1118	0.3744	1751.865743
1119	0.3725	2827.482173
1120	0.3732	2785.350695
1121	0.3736	2707.438928
1122	0.3739	903.460387
1123	0.3764	1671.909212
1124	0.3745	2185.164565
1125	0.3749	1284.798786
1126	0.3745	1312.829567
1127	0.3747	1289.754171
1128	0.3761	1785.903816
1129	0.3761	2583.153398
1130	0.3745	1250.745325
1131	0.3764	1662.774807
1132	0.3745	2571.375997
1133	0.3761	3014.449348
1134	0.3752	892.951094
1135	0.3761	1305.693886
1136	0.377	747.427683
1137	0.377	2654.36052
1138	0.3757	4255.060777
1139	0.3779	563.307129
1140	0.3786	1141.707437
1141	0.3767	3330.579945
1142	0.3779	676.391355
1143	0.377	2419.33563
1144	0.377	3166.765494
1145	0.3779	434.264423
1146	0.3772	2242.28483
1147	0.3783	1889.13611
1148	0.3796	1839.914942
1149	0.3798	3074.542265
1150	0.379	1778.790717
1151	0.3803	1328.824708
1152	0.3798	3164.450526
1153	0.3801	1356.855544
1154	0.3803	1333.779989
1155	0.3801	3090.538735
1156	0.3796	3165.455832
1157	0.381	1549.762748
1158	0.3812	1797.030494
1159	0.3811	2519.286389
1160	0.3817	2001.862453
1161	0.3817	1536.750137
1162	0.3814	1916.039474
1163	0.3816	2158.185778
1164	0.3815	1977.054623
1165	0.3817	2496.214442
1166	0.3816	2849.356888
1167	0.382	2011.950182
1168	0.3819	1751.865079
1169	0.3817	2850.361647
1170	0.3822	1282.704285
1171	0.3818	1993.042096
1172	0.3825	2743.319138
1173	0.3822	1372.850662
1174	0.3822	1400.881195
1175	0.382	875.932102
1176	0.3824	1377.805951
1177	0.3828	1570.871716
1178	0.3824	2218.064256
1179	0.3827	2744.330525
1180	0.3823	2971.534438
1181	0.3826	1954.965615
1182	0.3831	2537.220551
1183	0.3828	2360.150606
1184	0.3826	4183.810306
1185	0.3828	4182.806841
1186	0.3829	1948.958444
1187	0.3834	3119.54303
1188	0.3833	2415.265898
1189	0.3834	3080.43124
1190	0.3833	1438.805164
1191	0.3832	2382.171228
1192	0.384	3120.54537
1193	0.3857	1414.68194
1194	0.3849	1416.876876
1195	0.3843	1684.930367
1196	0.3835	3098.544028
1197	0.3834	707.340384
1198	0.3846	1444.908267
1199	0.3863	1664.79369
1200	0.384	1685.936505
1201	0.384	822.496767
1202	0.3849	1526.805277
1203	0.3849	1382.823549
1204	0.3846	1421.832639
1205	0.3857	2308.062198
1206	0.3837	779.886037
1207	0.3843	1399.850038
1208	0.384	3159.506232
1209	0.3854	1449.864587
1210	0.3849	1472.939229
1211	0.3857	2754.263515
1212	0.3868	1326.742043
1213	0.3876	1311.673213
1214	0.3865	1796.858738
1215	0.3868	1077.538924
1216	0.386	2360.973666
1217	0.3865	3319.655981
1218	0.3888	1645.886252
1219	0.3863	1839.880835
1220	0.3882	2368.202603
1221	0.3888	1144.555669
1222	0.3885	2944.348528
1223	0.3874	3024.576761
1224	0.3865	538.769484
1225	0.3876	893.36286
1226	0.3891	1786.725336
1227	0.3868	1567.825477
1228	0.3885	2384.196357
1229	0.3891	1536.793867
1230	0.3876	1547.726972
1231	0.3897	2813.351995
1232	0.3894	892.760803
1233	0.3918	1295.677726
1234	0.3903	1608.862339
1235	0.3915	1668.934589
1236	0.3888	2440.318301
1237	0.3918	1662.664768
1238	0.3906	3337.86893
1239	0.3918	2964.612847
1240	0.3918	2591.354914
1241	0.3918	4633.540135
1242	0.3938	1526.804317
1243	0.3915	4260.300926
1244	0.3932	2822.483383
1245	0.3938	3195.738009
1246	0.3929	4491.413798
1247	0.394	3053.606868
1248	0.394	4349.286142
1249	0.394	4722.542864
1250	0.3932	556.311892
1251	0.3932	4348.283007
1252	0.3946	3088.545279
1253	0.3969	3777.975278
1254	0.3969	2029.061616
1255	0.3954	3776.962983
1256	0.399	1688.878397
1257	0.3975	2202.069318
1258	0.3972	3891.954681
1259	0.3963	5304.762337
1260	0.3975	1504.9285
1261	0.3975	1532.959615
1262	0.3981	1439.729409
1263	0.3987	3377.752761
1264	0.3981	3890.954166
1265	0.3993	963.527689
1266	0.399	562.959572
1267	0.399	2299.13373
1268	0.4009	2322.313591
1269	0.4024	2373.211174
1270	0.4024	1159.639956
1271	0.4033	1548.955138
1272	0.4033	1576.985922
1273	0.4015	1888.986795
1274	0.4021	3056.606989
1275	0.4021	834.467081
1276	0.4036	1514.901848
1277	0.4033	1553.91068
1278	0.4053	1632.767678
1279	0.406	2183.104726
1280	0.4036	2405.436793
1281	0.4024	2203.074948
1282	0.4044	2951.33175
1283	0.4027	1565.981647
1284	0.4047	2774.433932
1285	0.4036	2952.336422
1286	0.4039	860.502096
1287	0.4036	1521.925006
1288	0.4047	833.42088
1289	0.4059	1478.787277
1290	0.4036	1531.928303
1291	0.4033	2481.016993
1292	0.4041	2949.327425
1293	0.405	2995.54536
1294	0.4062	1665.839807
1295	0.4053	2996.549567
1296	0.4056	2407.130057
1297	0.4059	2957.576929
1298	0.406	1016.576293
1299	0.406	3661.88456
1300	0.4058	2408.127388
1301	0.4064	2212.10217
1302	0.4062	3061.521883
1303	0.4062	3621.86933
1304	0.4067	1756.853611
1305	0.4062	2297.095888
1306	0.4063	1592.981144
1307	0.4065	1621.012009
1308	0.4071	1013.612363
1309	0.4067	2228.096448
1310	0.4067	1645.886717
1311	0.4071	2932.445297
1312	0.4066	1785.861078
1313	0.4069	2933.450998
1314	0.4077	1762.794498
1315	0.4071	2948.442582
1316	0.4077	3302.708994
1317	0.4077	881.396909
1318	0.4077	3394.602968
1319	0.4074	4695.239924
1320	0.4075	2955.540879
1321	0.4075	3525.588373
1322	0.4072	2776.409886
1323	0.4076	587.598947
1324	0.4077	5065.502622
1325	0.4074	2348.121388
1326	0.4075	2144.929484
1327	0.4075	5287.36189
1328	0.4079	1488.762399
1329	0.4086	2156.938716
1330	0.4079	1024.550285
1331	0.4077	1776.775067
1332	0.4077	5064.501143
1333	0.4079	1981.053107
1334	0.4078	3524.581557
1335	0.4079	1634.02482
1336	0.4086	1858.941631
1337	0.4079	3251.553692
1338	0.4082	3919.725202
1339	0.4083	3069.499817
1340	0.4092	2521.224566
1341	0.4086	1015.610045
1342	0.4097	1467.760572
1343	0.4092	1791.854501
1344	0.4086	4678.161204
1345	0.4106	2974.67345
1346	0.4089	2195.026444
1347	0.4089	2349.209612
1348	0.4106	2277.341512
1349	0.4093	2553.215657
1350	0.4097	2773.387792
1351	0.4106	1321.751381
1352	0.4098	840.517072
1353	0.4101	1634.024644
1354	0.4106	3035.594939
1355	0.4098	3089.66656
1356	0.4116	1344.729839
1357	0.411	2032.027877
1358	0.4104	3088.664892
1359	0.4103	1681.03244
1360	0.4116	2689.460504
1361	0.4116	3376.754467
1362	0.411	4319.399751
1363	0.4117	1094.586404
1364	0.4123	4166.813529
1365	0.4119	1345.227246
1366	0.4116	672.344923
1367	0.4116	1397.641562
1368	0.4132	4167.81512
1369	0.4133	1623.807614
1370	0.4123	5511.531273
1371	0.4133	2876.422114
1372	0.4129	2968.537442
1373	0.413	3146.611236
1374	0.4132	3478.648532
1375	0.4126	4280.790145
1376	0.4127	1725.059588
1377	0.4133	3247.612208
1378	0.4134	1655.796484
1379	0.4157	1360.713685
1380	0.4154	1565.791268
1381	0.4137	1639.802254
1382	0.4169	1893.024124
1383	0.4157	2599.312575
1384	0.4137	2928.510021
1385	0.416	1374.693744
1386	0.4142	1499.798366
1387	0.414	1762.794896
1388	0.4148	2698.280894
1389	0.4151	1061.549675
1390	0.4148	4725.168887
1391	0.4178	1469.799077
1392	0.4157	1392.704381
1393	0.416	2720.416191
1394	0.4157	2719.407899
1395	0.4178	3381.709472
1396	0.4183	3307.598803
1397	0.4172	2854.497838
1398	0.4178	3506.773443
1399	0.4172	782.895634
1400	0.4172	1786.112341
1401	0.42	1852.956016
1402	0.4194	2887.381529
1403	0.4181	2974.669591
1404	0.4189	3022.410193
1405	0.4192	3206.602424
1406	0.4183	3365.767009
1407	0.4197	5220.228218
1408	0.42	1445.7046
1409	0.42	3492.758006
1410	0.4192	5221.232461
1411	0.4192	4007.844973
1412	0.4218	3154.542785
1413	0.42	1626.79019
1414	0.4203	1905.868434
1415	0.42	3705.907428
1416	0.4218	4166.816943
1417	0.4237	2981.354154
1418	0.4212	1858.171975
1419	0.4246	2280.170045
1420	0.4231	3631.865595
1421	0.4225	4167.818389
1422	0.4237	1326.825279
1423	0.4246	2333.087403
1424	0.4248	2280.674444
1425	0.4246	4560.341594
1426	0.4252	2994.391697
1427	0.425	998.131183
1428	0.4257	1505.92929
1429	0.425	2933.429476
1430	0.4254	2995.393843
1431	0.4251	2934.431371
1432	0.4261	1857.957227
1433	0.4257	3011.855424
1434	0.4258	3363.88665
1435	0.4262	2317.196815
1436	0.4262	1889.948246
1437	0.4264	2745.530358
1438	0.4261	3715.908739
1439	0.4259	3714.907058
1440	0.4261	4166.814794
1441	0.4261	1596.863193
1442	0.4262	2282.171945
1443	0.4263	1910.868704
1444	0.4263	1840.93112
1445	0.4263	2859.431149
1446	0.4273	1807.757513
1447	0.4266	2858.431402
1448	0.4268	3524.763239
1449	0.4268	2846.579684
1450	0.427	2879.49708
1451	0.4266	2959.315605
1452	0.4273	1344.731428
1453	0.4267	2318.202316
1454	0.4268	4047.017516
1455	0.4268	3242.439632
1456	0.4268	3638.753956
1457	0.4268	2726.29863
1458	0.4273	2925.469222
1459	0.427	2281.158599
1460	0.4273	1273.719671
1461	0.4273	1762.796748
1462	0.427	3243.444432
1463	0.4274	1791.854509
1464	0.4273	3110.648971
1465	0.4315	2044.019387
1466	0.4273	1526.805798
1467	0.4315	2155.140595
1468	0.4275	1711.943594
1469	0.4297	1713.804528
1470	0.4334	1733.775041
1471	0.4358	2846.407192
1472	0.4328	4199.16421
1473	0.4315	1109.575606
1474	0.4322	3171.66525
1475	0.434	1393.830172
1476	0.4412	1741.88786
1477	0.4416	2275.044706
1478	0.44	2282.205666
1479	0.44	2149.248266
1480	0.4352	2863.434882
1481	0.4364	1329.802918
1482	0.4416	2289.024499
1483	0.44	2290.031048
1484	0.4416	3483.773753
1485	0.44	580.630019
1486	0.4434	2117.130363
1487	0.4434	3344.886342
1488	0.4451	1505.929846
1489	0.4451	4038.716963
1490	0.4416	1672.443924
1491	0.4422	1144.510474
1492	0.4467	2802.337312
1493	0.4457	4152.702804
1494	0.4501	2353.311906
1495	0.4473	2803.342657
1496	0.4473	1495.652078
1497	0.4461	3127.525527
1498	0.4496	3167.675717
1499	0.4497	3313.536915
1500	0.4479	2118.132363
1501	0.4497	3017.42582
1502	0.4473	4054.713704
1503	0.4499	1104.512053
1504	0.4505	1579.824262
1505	0.4497	1858.942731
1506	0.4485	3425.581883
1507	0.4501	2406.222213
1508	0.4497	4037.710688
1509	0.4503	3168.590614
1510	0.4504	3159.648736
1511	0.4504	3933.123581
1512	0.4506	3228.652107
1513	0.4506	1640.848345
1514	0.4517	2153.03614
1515	0.4507	1830.889907
1516	0.451	2670.380059
1517	0.4508	1076.8852
1518	0.4508	1548.935879
1519	0.4508	2354.317505
1520	0.4509	3195.689102
1521	0.4513	954.538261
1522	0.4509	1632.736577
1523	0.4509	1741.888512
1524	0.4517	1657.777163
1525	0.4513	1315.735693
1526	0.4515	1495.714173
1527	0.4516	3307.602199
1528	0.4515	1097.681805
1529	0.4511	1344.73133
1530	0.4523	2325.270158
1531	0.4515	3505.651149
1532	0.452	2352.223794
1533	0.4515	1601.88224
1534	0.4514	1607.843684
1535	0.4517	2664.330716
1536	0.4517	4093.127848
1537	0.4521	2353.222202
1538	0.452	2665.334305
1539	0.4518	3562.751457
1540	0.4519	1078.197797
1541	0.4519	3235.593889
1542	0.4517	3234.591889
1543	0.4517	3501.787116
1544	0.4517	4094.128296
1545	0.453	2122.176824
1546	0.4553	2197.210131
1547	0.4522	2342.297403
1548	0.4523	2437.245387
1549	0.452	783.398532
1550	0.4528	1097.521543
1551	0.4535	1565.791265
1552	0.4533	1887.920401
1553	0.4525	2302.13968
1554	0.4525	2966.647419
1555	0.4535	2598.225212
1556	0.4544	2214.239006
1557	0.454	1823.787562
1558	0.4565	2306.136103
1559	0.455	2250.123122
1560	0.455	2197.710529
1561	0.4553	2960.443477
1562	0.4555	4503.34876
1563	0.4563	3216.789481
1564	0.4565	2321.123446
1565	0.4557	4039.722064
1566	0.4563	2305.632796
1567	0.4563	2320.116255
1568	0.4559	3337.808404
1569	0.4563	4038.719117
1570	0.4561	1160.058877
1571	0.457	3336.805205
1572	0.4577	1823.790242
1573	0.4586	1775.856582
1574	0.4575	3294.465654
1575	0.459	3551.712049
1576	0.4608	2312.249126
1577	0.4593	591.952718
1578	0.4599	886.922002
1579	0.4593	3665.703058
1580	0.4595	3779.696059
1581	0.4593	5327.555243
1582	0.4604	1766.978771
1583	0.4586	5328.557735
1584	0.4605	3541.828211
1585	0.4593	1807.846975
1586	0.4599	3542.830655
1587	0.4595	5326.552581
1588	0.4608	1377.834889
1589	0.4607	3153.689872
1590	0.4606	887.92859
1591	0.4608	2755.665113
1592	0.461	3690.075293
1593	0.461	883.488831
1594	0.4616	1606.781582
1595	0.4636	2633.363249
1596	0.4616	1070.60279
1597	0.4616	3056.399773
1598	0.4617	3585.784722
1599	0.4621	3055.39887
1600	0.4626	3180.702401
1601	0.4621	3551.704229
1602	0.4621	3881.893639
1603	0.4623	2506.225029
1604	0.4625	1340.681008
1605	0.464	2153.033025
1606	0.4624	3058.574296
1607	0.4624	3111.528702
1608	0.4626	3121.535125
1609	0.4622	2953.377428
1610	0.4624	3120.532227
1611	0.4627	4337.017008
1612	0.4626	1776.841886
1613	0.4636	2275.045651
1614	0.4629	2169.009695
1615	0.4628	1937.156176
1616	0.4626	2763.296961
1617	0.4625	4338.014865
1618	0.4626	1084.891797
1619	0.4624	1356.676702
1620	0.463	3254.675136
1621	0.4626	1565.791606
1622	0.4626	2751.313799
1623	0.4626	888.420619
1624	0.4629	2721.312661
1625	0.4636	2211.227293
1626	0.4631	1774.922902
1627	0.4632	2522.157444
1628	0.4631	4142.176553
1629	0.4638	1445.791388
1630	0.4634	2838.552557
1631	0.4633	3001.587691
1632	0.4638	1776.087228
1633	0.4634	3370.695255
1634	0.4631	2523.162932
1635	0.4637	2634.360342
1636	0.4631	3552.68733
1637	0.4639	1461.786329
1638	0.4638	1100.618488
1639	0.4639	1498.703137
1640	0.464	1830.889507
1641	0.4638	2891.579262
1642	0.4641	2154.037621
1643	0.4642	3528.801494
1644	0.4648	3930.934752
1645	0.4649	3322.734509
1646	0.4645	3297.48899
1647	0.4649	1927.855132
1648	0.4648	2822.382985
1649	0.4654	1411.725759
1650	0.4649	2176.048741
1651	0.4653	3291.60368
1652	0.4653	3307.601926
1653	0.4647	1107.577331
1654	0.4647	1965.972932
1655	0.4649	2369.180536
1656	0.4657	3336.749035
1657	0.4648	3929.945563
1658	0.4658	3137.610454
1659	0.465	3138.611576
1660	0.4653	3405.596933
1661	0.4656	1112.249479
1662	0.4664	1775.103356
1663	0.4658	3395.830632
1664	0.4668	2283.135327
1665	0.4661	2379.17748
1666	0.4661	591.701181
1667	0.4667	2960.316007
1668	0.4664	3550.20317
1669	0.4674	2959.314688
1670	0.4666	4058.229921
1671	0.467	2283.636249
1672	0.4668	2281.124588
1673	0.4711	1791.764292
1674	0.4674	2300.169732
1675	0.4681	4390.980655
1676	0.4676	2299.13132
1677	0.4687	2313.238278
1678	0.4681	591.701371
1679	0.4681	1377.835687
1680	0.4686	1852.81035
1681	0.4681	2960.315419
1682	0.4687	3354.684403
1683	0.469	2360.125209
1684	0.4689	1445.79196
1685	0.4689	2308.206085
1686	0.4692	3322.495792
1687	0.4704	1398.686124
1688	0.4689	1463.994082
1689	0.4693	3148.532844
1690	0.4693	3323.495333
1691	0.4689	4406.977754
1692	0.4698	1640.849581
1693	0.4695	2865.373166
1694	0.4695	3070.556189
1695	0.4701	1353.778028
1696	0.4697	3463.526252
1697	0.47	3780.852219
1698	0.4693	4405.980544
1699	0.4701	4604.285341
1700	0.47	2275.047215
1701	0.4713	3152.596061
1702	0.4704	1414.681232
1703	0.4769	1549.79611
1704	0.47	2866.374609
1705	0.4711	3835.83272
1706	0.4701	1198.568638
1707	0.4723	1776.087824
1708	0.4711	2317.092207
1709	0.4704	3153.600683
1710	0.4723	3169.593431
1711	0.4714	3205.507074
1712	0.4711	1056.196167
1713	0.4714	2153.033151
1714	0.4714	3168.591547
1715	0.4729	3206.50866
1716	0.4713	788.149792
1717	0.4711	3487.683189
1718	0.4714	592.02961
1719	0.4748	3871.90257
1720	0.4723	1068.502435
1721	0.4769	1563.776242
1722	0.4753	907.483603
1723	0.4748	2300.073151
1724	0.4769	996.585618
1725	0.4743	1738.842578
1726	0.4753	1814.894925
1727	0.478	3099.591161
1728	0.4739	781.888415
1729	0.4796	1581.786655
1730	0.4764	3098.587095
1731	0.4769	5262.884367
1732	0.4817	1713.749687
1733	0.4796	1620.798277
1734	0.4843	856.875398
1735	0.4822	1757.874644
1736	0.4833	878.937129
1737	0.4812	3078.528061
1738	0.4812	3100.595572
1739	0.4817	3533.789687
1740	0.4812	3870.894725
1741	0.4833	790.893418
1742	0.4865	2914.434783
1743	0.4843	4476.192149
1744	0.4843	2540.311563
1745	0.4838	1377.835314
1746	0.4865	1808.040441
1747	0.4838	4477.194108
1748	0.4843	1579.769984
1749	0.4865	3038.541628
1750	0.4915	1814.893149
1751	0.4875	2915.433641
1752	0.4859	1012.846677
1753	0.4875	3031.436754
1754	0.4865	2184.156658
1755	0.491	3422.727826
1756	0.4907	5303.4153
1757	0.4886	1709.861108
1758	0.4891	3504.841425
1759	0.4891	4300.939553
1760	0.4907	5304.422043
1761	0.491	4245.104452
1762	0.4902	4299.93114
1763	0.4908	4359.107789
1764	0.4913	1846.885428
1765	0.4913	2506.261942
1766	0.4914	1867.807112
1767	0.4913	3629.785577
1768	0.4916	604.627932
1769	0.4915	1812.880079
1770	0.4912	3628.782627
1771	0.4913	906.44073
1772	0.4913	4321.15768
1773	0.4913	5443.682182
1774	0.4914	1828.873614
1775	0.4914	1862.878336
1776	0.4916	1861.876988
1777	0.4923	2867.464367
1778	0.4916	1829.881802
1779	0.4923	3819.834104
1780	0.4923	3603.70121
1781	0.4922	3835.83118
1782	0.4919	5134.789135
1783	0.4928	2137.038214
1784	0.4923	3933.828718
1785	0.4922	2868.468242
1786	0.4933	1566.736674
1787	0.4928	2137.539128
1788	0.4929	4274.071306
1789	0.4931	3703.768278
1790	0.4928	2135.026315
1791	0.4928	2152.024304
1792	0.4934	1120.518102
1793	0.4934	1044.490269
1794	0.4934	3133.470351
1795	0.4934	1580.715047
1796	0.4934	1233.601582
1797	0.4942	1619.647744
1798	0.4951	1853.98904
1799	0.4946	614.397411
1800	0.4951	3448.832764
1801	0.4954	2251.0793
1802	0.4959	2275.046383
1803	0.4959	3616.762424
1804	0.5002	5676.672141
1805	0.4968	1814.89488
1806	0.503	3121.614657
1807	0.4968	4382.220785
1808	0.4986	4641.357396
1809	0.4993	1377.836044
1810	0.499	4495.206472
1811	0.4986	1832.91311
1812	0.4993	4830.353042
1813	0.5021	3137.609019
1814	0.5043	3174.526854
1815	0.503	3235.606205
1816	0.5016	3121.46178
1817	0.5021	3175.525206
1818	0.5021	3943.046797
1819	0.5052	3424.785142
1820	0.5034	1691.938149
1821	0.503	3143.594596
1822	0.5025	783.368514
1823	0.5048	3538.77741
1824	0.5066	1261.662371
1825	0.507	2390.302737
1826	0.5066	4172.064257
1827	0.507	1391.022842
1828	0.507	4173.067393
1829	0.507	4246.159363
1830	0.51	2275.045989
1831	0.51	3250.607721
1832	0.5093	2797.411555
1833	0.5093	5594.680467
1834	0.5101	2020.04886
1835	0.5106	2796.407191
1836	0.5102	1742.80625
1837	0.5105	2867.465243
1838	0.5102	4136.066341
1839	0.51	4998.566578
1840	0.5106	2195.218245
1841	0.5107	3422.731071
1842	0.5106	2812.403161
1843	0.51	3421.727286
1844	0.5106	3207.690076
1845	0.5102	4997.562284
1846	0.5103	1816.788807
1847	0.5102	3122.618249
1848	0.5109	4861.462887
1849	0.5107	4860.463776
1850	0.5105	3189.552501
1851	0.511	4194.070387
1852	0.511	3607.825727
1853	0.5106	4072.116849
1854	0.5107	4975.467141
1855	0.5107	1398.201889
1856	0.5113	1758.078743
1857	0.5112	2854.411816
1858	0.5109	4137.065285
1859	0.511	2730.52037
1860	0.5112	3662.78855
1861	0.511	5693.848533
1862	0.5115	5695.838704
1863	0.511	3661.789859
1864	0.5111	1141.24349
1865	0.5132	2275.046968
1866	0.5115	3775.762244
1867	0.5112	5694.857589
1868	0.5113	879.040377
1869	0.5113	1831.894137
1870	0.5118	2659.487458
1871	0.5121	2754.357259
1872	0.5113	3249.582749
1873	0.5116	4176.194714
1874	0.5116	4427.317242
1875	0.5118	3776.747583
1876	0.5129	931.506019
1877	0.5121	1008.819231
1878	0.5121	2578.312201
1879	0.5118	2644.182901
1880	0.5122	3322.566927
1881	0.5121	5141.531902
1882	0.5121	3026.455578
1883	0.5121	4982.539324
1884	0.5128	1553.759829
1885	0.5121	1567.739557
1886	0.5157	2252.145817
1887	0.5119	1661.282301
1888	0.5126	2475.304752
1889	0.5123	2645.184997
1890	0.5123	3096.628847
1891	0.5124	3338.560393
1892	0.5126	2855.38975
1893	0.5124	4485.322175
1894	0.5124	4578.197552
1895	0.5128	1569.755091
1896	0.5125	1955.127634
1897	0.5125	2854.38787
1898	0.5141	1393.724709
1899	0.5126	3246.5358
1900	0.5129	3363.712493
1901	0.5138	3814.939275
1902	0.5126	1115.522057
1903	0.5136	3307.592088
1904	0.5129	3311.719047
1905	0.5128	3815.950706
1906	0.513	4434.165703
1907	0.5143	1446.635184
1908	0.5141	1183.586565
1909	0.5147	2788.451969
1910	0.5143	1280.64058
1911	0.514	2787.447278
1912	0.5138	4433.160676
1913	0.5143	1415.705277
1914	0.515	3645.867855
1915	0.5157	2274.129655
1916	0.5163	1126.511885
1917	0.5157	2250.13578
1918	0.5163	2305.059357
1919	0.5157	4504.297127
1920	0.5159	2252.019515
1921	0.5165	2266.127242
1922	0.516	5199.539941
1923	0.5177	2008.945122
1924	0.517	1553.760472
1925	0.518	2306.203373
1926	0.5179	2024.940011
1927	0.5174	2969.469379
1928	0.5177	4007.964418
1929	0.5177	2023.93407
1930	0.5186	2442.199988
1931	0.5189	2851.468332
1932	0.5179	4323.001014
1933	0.5188	3154.640329
1934	0.5184	4627.335984
1935	0.5184	1818.863068
1936	0.5191	2867.464016
1937	0.5193	2904.382383
1938	0.5192	2883.458792
1939	0.5188	2848.450219
1940	0.5189	2873.451948
1941	0.5191	2905.384355
1942	0.5192	4786.337637
1943	0.5195	1857.902448
1944	0.5192	2900.460587
1945	0.5193	2899.454926
1946	0.5194	4787.336561
1947	0.5195	1999.084499
1948	0.5197	2486.329265
1949	0.5203	2252.150375
1950	0.5207	2516.362922
1951	0.5197	3064.430442
1952	0.5197	3750.884502
1953	0.5197	776.880909
1954	0.5203	1553.760714
1955	0.5197	2081.929017
1956	0.5203	2633.366067
1957	0.5202	2794.392906
1958	0.5203	3078.594559
1959	0.5201	3618.771769
1960	0.52	3282.605759
1961	0.5201	2738.360942
1962	0.5201	3281.598001
1963	0.5201	3619.777499
1964	0.5204	5354.691686
1965	0.5204	1800.793695
1966	0.5207	2569.278692
1967	0.5203	4808.476286
1968	0.5206	2514.352367
1969	0.5204	2533.393655
1970	0.5207	2548.355274
1971	0.5213	2402.219824
1972	0.5206	2512.39431
1973	0.5205	2570.282194
1974	0.5223	849.451263
1975	0.5223	2549.355474
1976	0.5207	2547.345989
1977	0.5208	2587.366852
1978	0.5229	2499.176599
1979	0.5464	1472.851013
1980	0.5213	2500.18208
1981	0.5219	3551.718771
1982	0.5242	1553.76051
1983	0.5266	3154.640648
1984	0.5266	2633.366983
1985	0.5236	3155.646163
1986	0.5272	4007.886208
1987	0.5248	1336.296882
1988	0.5321	1562.79944
1989	0.529	1856.907111
1990	0.5272	5007.485994
1991	0.5297	5070.446622
1992	0.5284	5071.445001
1993	0.5266	2275.0473
1994	0.5266	4845.426414
1995	0.529	1888.896586
1996	0.5303	2778.167062
1997	0.5309	5032.346677
1998	0.5364	5556.860089
1999	0.5315	1579.825362
2000	0.5315	5033.348484
2001	0.5382	5555.871359
2002	0.5382	5572.858823
2003	0.5351	2852.471755
2004	0.5358	4846.446324
2005	0.5364	5557.877781
2006	0.5376	3451.725589
2007	0.5333	3479.642755
2008	0.5419	5573.860184
2009	0.537	5670.861501
2010	0.5358	3589.81337
2011	0.537	4490.223102
2012	0.5351	2487.234425
2013	0.5382	4491.228056
2014	0.537	2778.434992
2015	0.5376	2778.937662
2016	0.5419	1565.78398
2017	0.5406	2476.200279
2018	0.5425	3383.658773
2019	0.54	3709.79345
2020	0.5406	2722.363934
2021	0.5413	3245.673673
2022	0.5413	1854.823286
2023	0.5394	4902.417161
2024	0.543	4903.424403
2025	0.5425	3492.871328
2026	0.5432	3913.843586
2027	0.5425	4300.21999
2028	0.5436	3358.736058
2029	0.543	3619.759248
2030	0.5432	3433.677207
2031	0.5434	4302.224805
2032	0.5464	2162.221442
2033	0.5455	731.45791
2034	0.5468	2374.303603
2035	0.5473	2217.087495
2036	0.5473	1921.040548
2037	0.5473	3677.758986
2038	0.5475	2738.355973
2039	0.5498	3367.662628
2040	0.5507	3383.659054
2041	0.5477	3678.76373
2042	0.55	3481.659901
2043	0.5498	3364.647983
2044	0.5498	3595.651085
2045	0.5498	3389.643239
2046	0.5507	3420.574861
2047	0.5526	2643.486764
2048	0.5504	2163.224289
2049	0.5509	1827.029577
2050	0.5514	2124.026792
2051	0.5526	2659.484964
2052	0.5548	3084.519323
2053	0.5535	3178.559143
2054	0.5532	2797.379049
2055	0.5538	3612.728734
2056	0.5575	2617.367892
2057	0.5557	2124.025822
2058	0.5548	3130.573471
2059	0.5551	1827.029467
2060	0.559	2633.364291
2061	0.5548	3136.611442
2062	0.5563	1966.074153
2063	0.5584	2614.34629
2064	0.5578	2784.270408
2065	0.559	2639.348257
2066	0.5578	2670.27855
2067	0.5578	2617.860601
2068	0.5608	2643.490786
2069	0.5631	2722.363576
2070	0.5617	4089.99919
2071	0.5617	3206.569019
2072	0.5622	4090.986542
2073	0.5622	3469.790704
2074	0.563	2162.222144
2075	0.5624	2789.34177
2076	0.5628	2737.344554
2077	0.5628	1264.824442
2078	0.5633	2006.11946
2079	0.5628	2086.053931
2080	0.5631	2482.221325
2081	0.5628	2739.395674
2082	0.5628	2775.276097
2083	0.5633	2466.225931
2084	0.564	3285.761315
2085	0.5632	2023.148078
2086	0.5634	2028.100204
2087	0.5637	2778.396305
2088	0.5639	2463.251145
2089	0.564	3374.664492
2090	0.564	1102.015821
2091	0.564	2162.22188
2092	0.5639	2643.486937
2093	0.564	3280.556656
2094	0.5643	1764.939862
2095	0.5645	1871.965338
2096	0.5649	2288.189538
2097	0.5646	3162.563788
2098	0.5649	2466.22158
2099	0.5648	3296.586874
2100	0.5647	3793.88565
2101	0.5648	4658.359481
2102	0.5649	4787.127744
2103	0.5647	2834.464974
2104	0.5646	4659.362026
2105	0.5648	4788.125147
2106	0.5647	3161.562603
2107	0.5648	3684.865338
2108	0.5658	2124.026705
2109	0.567	2465.232936
2110	0.5651	2643.490034
2111	0.5658	2905.555647
2112	0.5654	3510.573682
2113	0.567	2518.146415
2114	0.5666	2462.2116
2115	0.5666	2463.217731
2116	0.5664	2465.731853
2117	0.5678	2399.188715
2118	0.5678	3099.51779
2119	0.5675	3331.597634
2120	0.5675	2006.120101
2121	0.5675	2479.213378
2122	0.5681	2140.087448
2123	0.5703	2617.368701
2124	0.5676	2634.368723
2125	0.5718	2633.367262
2126	0.5685	5208.563379
2127	0.5691	1095.253757
2128	0.5684	5150.557879
2129	0.5687	5207.559584
2130	0.5723	2459.307195
2131	0.5693	3264.560142
2132	0.5739	2475.30481
2133	0.57	2499.337622
2134	0.5688	3286.767454
2135	0.569	1102.015795
2136	0.5691	2492.240159
2137	0.5693	3102.458691
2138	0.5697	3265.561245
2139	0.5697	2500.342261
2140	0.5718	2512.224846
2141	0.5723	2455.334403
2142	0.5853	4100.132691
2143	0.5718	2456.28953
2144	0.5733	2457.29629
2145	0.5744	1228.648667
2146	0.5806	3362.699799
2147	0.5806	1889.968359
2148	0.579	4711.420988
2149	0.5795	3415.611203
2150	0.5806	3476.694619
2151	0.5853	4084.134436
2152	0.5853	4197.124592
2153	0.5838	4312.121815
2154	0.5843	4198.12597
2155	0.5838	2633.365497
2156	0.5843	3948.024607
2157	0.5853	3434.723595
2158	0.5921	2722.355884
2159	0.589	4311.116576
2160	0.5898	3460.754633
2161	0.5897	4130.143889
2162	0.5899	4132.146577
2163	0.5902	1487.803019
2164	0.5899	4131.148069
2165	0.5907	2388.247886
2166	0.5907	2198.093254
2167	0.5905	2353.1307
2168	0.5905	2389.252138
2169	0.5916	2833.459716
2170	0.5907	2214.087789
2171	0.5915	2119.029213
2172	0.5921	2706.36985
2173	0.5913	2584.219246
2174	0.5921	2721.35135
2175	0.5921	2759.280504
2176	0.5919	2723.397556
2177	0.592	2702.405491
2178	0.5921	2706.865338
2179	0.5922	2720.350649
2180	0.592	2704.35804
2181	0.5919	2703.348899
2182	0.5931	1884.013605
2183	0.5931	4590.37798
2184	0.5931	3768.020694
2185	0.5934	4591.376213
2186	0.5931	1882.0074
2187	0.5934	1607.866828
2188	0.5943	2721.357061
2189	0.5943	2722.359711
2190	0.5945	4677.247926
2191	0.5948	2759.281117
2192	0.5945	2760.280338
2193	0.5948	2847.467332
2194	0.597	3931.888834
2195	0.5966	1870.79739
2196	0.6007	2762.398416
2197	0.6007	2778.393365
2198	0.6002	4380.161504
2199	0.6029	1929.95049
2200	0.6052	4317.925166
2201	0.6016	2724.402294
2202	0.6034	4316.929939
2203	0.6052	2600.248917
2204	0.6111	3705.948971
2205	0.6061	3418.729163
2206	0.6093	1668.889546
2207	0.6118	2767.478998
2208	0.6111	3727.940944
2209	0.6111	1233.666677
2210	0.6118	3758.868943
2211	0.6118	3276.637018
2212	0.6116	3726.936889
2213	0.6111	3702.940741
2214	0.6124	2383.190841
2215	0.6123	1987.004398
2216	0.6122	3668.864192
2217	0.6124	2399.187871
2218	0.6128	2415.182239
2219	0.6128	2460.311754
2220	0.6132	2722.355173
2221	0.6131	2721.358431
2222	0.6131	3706.943141
2223	0.6132	4612.297781
2224	0.6138	2108.029005
2225	0.6135	3418.723953
2226	0.6138	2124.023931
2227	0.6144	685.462772
2228	0.6138	2222.020742
2229	0.6147	4661.245875
2230	0.6143	4662.25156
2231	0.6152	4677.244764
2232	0.6145	4775.23931
2233	0.6145	4007.885411
2234	0.6153	4678.252206
2235	0.6149	4714.163244
2236	0.6149	4006.885794
2237	0.6153	4008.891541
2238	0.6153	4693.239708
2239	0.6156	1892.963824
2240	0.6174	1884.01546
2241	0.6169	2721.364345
2242	0.6156	2762.400624
2243	0.6156	4694.246623
2244	0.6174	2722.361094
2245	0.616	3705.950928
2246	0.6172	3512.805969
2247	0.6276	1102.016506
2248	0.6178	418.162854
2249	0.6186	2568.223662
2250	0.6196	4870.342077
2251	0.6216	4007.88721
2252	0.6205	4869.355214
2253	0.6209	2569.223624
2254	0.6237	2721.359674
2255	0.631	3595.791979
2256	0.6296	5208.424534
2257	0.6338	3609.841518
2258	0.6276	5209.422391
2259	0.6372	4927.477762
2260	0.6344	3594.791976
2261	0.6406	3626.835454
2262	0.6351	3966.955731
2263	0.6386	2337.134151
2264	0.6351	4928.489045
2265	0.6344	3610.841257
2266	0.6338	4609.337428
2267	0.6331	4610.339471
2268	0.642	2353.130935
2269	0.6379	4476.235099
2270	0.6386	3345.717372
2271	0.6448	3402.72931
2272	0.6434	3688.928078
2273	0.6448	3985.915715
2274	0.6434	3454.640725
2275	0.6448	3399.713574
2276	0.645	3455.643409
2277	0.6448	3424.711935
2278	0.6455	2600.484128
2279	0.6449	3402.53977
2280	0.6448	3456.645906
2281	0.645	4001.911985
2282	0.6461	3072.629711
2283	0.6457	3333.554378
2284	0.6456	3332.552324
2285	0.6457	2597.462257
2286	0.6462	1024.210036
2287	0.6457	2459.308058
2288	0.646	2828.480221
2289	0.6463	3088.627226
2290	0.6461	2829.495314
2291	0.6464	2688.353554
2292	0.6463	4928.422304
2293	0.6464	2722.360515
2294	0.6465	2338.138709
2295	0.6466	2767.387977
2296	0.6476	3818.981324
2297	0.6476	3834.97711
2298	0.6476	4424.143396
2299	0.6473	4425.145251
2300	0.6474	2707.370761
2301	0.6494	4007.885019
2302	0.6475	2969.438407
2303	0.6479	3135.70359
2304	0.6476	4423.139106
2305	0.6485	1102.015594
2306	0.6479	3813.928922
2307	0.6482	2338.13753
2308	0.6485	2499.358535
2309	0.6485	3332.553938
2310	0.6485	1110.850594
2311	0.6493	450.157238
2312	0.6493	3945.003052
2313	0.6495	3991.885213
2314	0.649	2308.122977
2315	0.6494	3992.898185
2316	0.6497	2707.372684
2317	0.6494	4105.886652
2318	0.6495	4044.805437
2319	0.6494	1328.983674
2320	0.6494	1329.317124
2321	0.6495	3988.877616
2322	0.6496	4043.79874
2323	0.6499	3402.733266
2324	0.6536	4212.146121
2325	0.6536	2337.137229
2326	0.6502	2459.310542
2327	0.6536	2775.414975
2328	0.6523	4023.883338
2329	0.6609	2751.486249
2330	0.6602	3168.672645
2331	0.6636	3331.610573
2332	0.6616	3669.8425
2333	0.6602	1056.223332
2334	0.6616	2500.344105
2335	0.6636	3685.838756
2336	0.6623	1110.536189
2337	0.6636	1749.774855
2338	0.6616	3614.746534
2339	0.6602	3992.889808
2340	0.6609	3348.630371
2341	0.6616	3401.732495
2342	0.6616	3700.834935
2343	0.6623	3701.82908
2344	0.6657	5798.042312
2345	0.6767	1102.016342
2346	0.667	2286.009337
2347	0.6697	2324.118003
2348	0.6718	1883.762059
2349	0.6704	2459.309599
2350	0.6738	4715.397111
2351	0.675	5188.578942
2352	0.6754	3642.812656
2353	0.6755	2366.168895
2354	0.6756	2195.998794
2355	0.6754	2382.162464
2356	0.6758	5488.517969
2357	0.6758	2913.507593
2358	0.6757	3401.731061
2359	0.6758	5992.148787
2360	0.6768	2680.453693
2361	0.6764	3447.711579
2362	0.6765	2459.310259
2363	0.6771	3526.781478
2364	0.6768	942.965678
2365	0.6784	3316.555432
2366	0.6784	3332.552732
2367	0.6779	3445.744818
2368	0.6781	3684.852985
2369	0.6787	3348.548278
2370	0.6784	3369.473472
2371	0.6786	3370.472668
2372	0.6784	3313.540131
2373	0.6785	3338.541723
2374	0.6783	3316.375283
2375	0.6788	5429.621282
2376	0.6788	2091.004082
2377	0.6787	3339.544428
2378	0.6789	3402.734403
2379	0.6792	5000.60672
2380	0.679	2707.37189
2381	0.6792	2106.999661
2382	0.6795	3317.55978
2383	0.6801	3444.744825
2384	0.6843	3625.768338
2385	0.6802	4843.470696
2386	0.683	4842.46701
2387	0.6857	3641.766707
2388	0.6864	3360.740625
2389	0.683	942.964836
2390	0.6864	3968.871697
2391	0.6985	4131.065996
2392	0.6978	4007.887654
2393	0.7072	4429.358042
2394	0.7155	2643.491283
2395	0.7203	450.157244
2396	0.7213	448.14165
2397	0.727	699.478726
2398	0.7353	3773.863574
2399	0.7359	3849.853957
2400	0.7359	5199.611818
2401	0.7366	2253.984161
2402	0.7365	3332.557632
2403	0.7374	2561.305362
2404	0.7369	2417.270411
2405	0.737	2707.374978
2406	0.7377	431.2309
2407	0.7375	4672.392696
2408	0.7381	403.199663
2409	0.7383	402.167965
2410	0.7386	2253.982813
2411	0.7384	4472.251239
2412	0.7393	1102.01706
2413	0.7395	3877.998846
2414	0.7445	3907.841948
2415	0.7417	2335.329978
2416	0.7445	639.457729
2417	0.7461	3877.997696
2418	0.7458	3893.992667
2419	0.748	3895.003262
2420	0.7565	942.965236
2421	0.7646	3877.998646
2422	0.7646	4309.292315
2423	0.7761	942.965536
2424	0.7761	4640.289372
2425	0.7803	2706.37105
2426	0.7811	3877.999846
2427	0.7808	3893.997267
2428	0.7823	2706.37375
2429	0.7834	4631.254664
2430	0.7835	4647.252788
2431	0.7835	4632.24962
2432	0.7841	2119.998374
2433	0.7842	2135.993074
2434	0.7854	2706.373933
2435	0.7858	3878.002946
2436	0.7858	3862.004425
2437	0.787	1102.01701
2438	0.7874	3890.989231
2439	0.7962	5936.025781
2440	0.7892	3061.079717
2441	0.7897	4121.143345
2442	0.7889	5683.851976
2443	0.7904	5953.041597
2444	0.7898	5937.030654
2445	0.7892	3049.135921
2446	0.7901	2706.37285
2447	0.7903	5952.036601
2448	0.7897	5440.714877
2449	0.7897	5935.030574
2450	0.7921	1102.01751
2451	0.7929	5534.665163
2452	0.7929	5551.661079
2453	0.7927	5550.661784
2454	0.7961	5937.034476
2455	0.7962	5920.02086
2456	0.7945	5093.470758
2457	0.7941	5109.470444
2458	0.7961	5952.027302
2459	0.7957	5953.032097
2460	0.7947	1102.01866
2461	0.7948	2706.37525
2462	0.7961	5973.936293
2463	0.7946	5094.470107
2464	0.7953	5919.025196
2465	0.7955	3007.476035
2466	0.7955	5440.715627
2467	0.7962	5972.934298
2468	0.7952	5441.706772
2469	0.7961	5935.028277
2470	0.7962	4121.144645
2471	0.7955	5424.715056
2472	0.7963	5951.013207
2473	0.7958	5425.720951
2474	0.7959	4122.14739
2475	0.7961	2958.508011
2476	0.7973	4777.466153
2477	0.7976	3862.001725
2478	0.7967	5953.032147
2479	0.7978	3879.018541
2480	0.7979	3878.006096
2481	0.7971	5921.026782
2482	0.7973	3024.474798
2483	0.7975	3914.915813
2484	0.7977	3895.005112
2485	0.7976	1285.686525
2486	0.7975	3023.474353
2487	0.7979	3894.001167
2488	0.7974	4778.462218
2489	0.7976	3883.983716
2490	0.7977	1929.996829
2491	0.7996	1102.01806
2492	0.7996	942.965736
2493	0.8034	5423.729361
2494	0.8037	5424.712406
2495	0.8038	5441.716522
2496	0.8037	5440.710527
2497	0.804	5456.708898
2498	0.804	5425.717601
2499	0.8059	3862.002025
2500	0.8059	3878.005346
2501	0.8051	431.2441
2502	0.806	3894.001967
2503	0.8049	3895.012462
2504	0.8056	1285.687025
2505	0.8056	1286.020224
2506	0.8055	3914.918913
2507	0.8057	3915.921358
2508	0.8051	4248.197417
2509	0.8056	3884.986011
2510	0.8054	3858.992911
2511	0.8058	3895.005212
2512	0.8059	3883.988916
2513	0.806	3879.021991
2514	0.8103	4592.346317
2515	0.8094	4609.369633
2516	0.8079	1102.01666
2517	0.8128	1102.01761
2518	0.8128	942.966286
2519	0.8131	2975.490808
2520	0.8131	2976.490652
2521	0.8165	942.965036
2522	0.8155	5076.454551
2523	0.8165	5091.451964
2524	0.8165	5075.457128
2525	0.8167	5108.448235
2526	0.8165	5107.44989
2527	0.8165	3051.487064
2528	0.8204	1102.01571
2529	0.8206	3039.451923
2530	0.8206	3056.44994
2531	0.8204	3055.446044
2532	0.8255	1102.01741
2533	0.8293	1102.01781
2534	0.8293	942.968686
2535	0.8308	942.965836
2536	0.8328	942.966236
2537	0.8355	1102.01811
2538	0.8355	942.966386
2539	0.8422	942.965636
2540	0.276	536.323762
2541	0.2766	1075.556774
2542	0.5998	2723.404324
2543	0.2685	536.319033
